%YAML:1.0
---
images:
   - "self\\img\\L_1563960450.png"
   - "self\\img\\L_1563960466.png"
   - "self\\img\\L_1563960481.png"
   - "self\\img\\L_1563960491.png"
   - "self\\img\\L_1563960505.png"
   - "self\\img\\L_1563960518.png"
   - "self\\img\\L_1563960530.png"
   - "self\\img\\L_1563960541.png"
   - "self\\img\\L_1563960546.png"
   - "self\\img\\L_1563960558.png"
   - "self\\img\\L_1563960565.png"
   - "self\\img\\L_1563960571.png"
   - "self\\img\\L_1563960580.png"
   - "self\\img\\L_1563960592.png"
   - "self\\img\\L_1563960602.png"
   - "self\\img\\L_1563960609.png"
   - "self\\img\\L_1563960615.png"
   - "self\\img\\L_1563960630.png"
   - "self\\img\\L_1563960634.png"
   - "self\\img\\L_1563960641.png"
   - "self\\img\\L_1563960655.png"
   - "self\\img\\L_1563960686.png"
   - "self\\img\\L_1563960695.png"
   - "self\\img\\L_1563960710.png"
